6.110000000000000000e+02
6.020000000000000000e+02
2.610000000000000000e+02
2.700000000000000000e+02
6.400000000000000000e+01
8.340000000000000000e+02
1.570000000000000000e+02
6.100000000000000000e+01
2.270000000000000000e+02
7.700000000000000000e+01
5.000000000000000000e+01
8.000000000000000000e+01
8.900000000000000000e+01
9.200000000000000000e+01
4.390000000000000000e+02
7.500000000000000000e+01
1.780000000000000000e+02
9.700000000000000000e+01
1.210000000000000000e+02
1.290000000000000000e+02
9.600000000000000000e+01
3.800000000000000000e+01
5.410000000000000000e+02
1.070000000000000000e+02
8.500000000000000000e+01
1.030000000000000000e+02
3.020000000000000000e+02
7.230000000000000000e+02
9.800000000000000000e+01
1.310000000000000000e+02
3.800000000000000000e+01
1.170000000000000000e+02
1.890000000000000000e+02
4.230000000000000000e+02
1.100000000000000000e+02
9.800000000000000000e+01
1.630000000000000000e+02
9.700000000000000000e+01
3.200000000000000000e+01
9.000000000000000000e+01
2.070000000000000000e+02
5.200000000000000000e+01
3.010000000000000000e+02
1.720000000000000000e+02
1.010000000000000000e+02
6.200000000000000000e+01
1.590000000000000000e+02
1.420000000000000000e+02
8.500000000000000000e+01
6.700000000000000000e+02
9.600000000000000000e+01
6.800000000000000000e+01
6.730000000000000000e+02
5.530000000000000000e+02
1.040000000000000000e+02
1.010000000000000000e+02
9.000000000000000000e+01
8.000000000000000000e+01
1.030000000000000000e+02
7.380000000000000000e+02
1.450000000000000000e+02
2.900000000000000000e+01
8.600000000000000000e+01
5.270000000000000000e+02
5.300000000000000000e+01
1.030000000000000000e+02
4.450000000000000000e+02
2.850000000000000000e+02
6.260000000000000000e+02
9.000000000000000000e+01
5.700000000000000000e+01
6.120000000000000000e+02
1.640000000000000000e+02
1.450000000000000000e+02
8.000000000000000000e+01
9.000000000000000000e+01
6.600000000000000000e+01
8.800000000000000000e+01
3.260000000000000000e+02
1.240000000000000000e+02
8.800000000000000000e+01
1.510000000000000000e+02
1.290000000000000000e+02
9.400000000000000000e+01
2.740000000000000000e+02
8.700000000000000000e+01
1.990000000000000000e+02
4.900000000000000000e+01
9.900000000000000000e+01
5.500000000000000000e+01
7.600000000000000000e+01
7.350000000000000000e+02
9.800000000000000000e+01
7.870000000000000000e+02
4.300000000000000000e+01
3.140000000000000000e+02
6.830000000000000000e+02
8.500000000000000000e+01
2.340000000000000000e+02
1.050000000000000000e+02
4.700000000000000000e+02
5.120000000000000000e+02
3.160000000000000000e+02
6.650000000000000000e+02
1.140000000000000000e+02
1.530000000000000000e+02
1.020000000000000000e+02
8.400000000000000000e+01
5.100000000000000000e+01
7.600000000000000000e+01
3.400000000000000000e+01
1.860000000000000000e+02
1.130000000000000000e+02
4.300000000000000000e+01
3.040000000000000000e+02
3.250000000000000000e+02
4.330000000000000000e+02
6.900000000000000000e+01
6.730000000000000000e+02
9.100000000000000000e+01
2.850000000000000000e+02
7.900000000000000000e+01
5.000000000000000000e+01
3.890000000000000000e+02
2.620000000000000000e+02
1.710000000000000000e+02
1.070000000000000000e+02
1.050000000000000000e+02
2.060000000000000000e+02
4.800000000000000000e+01
5.300000000000000000e+01
1.590000000000000000e+02
5.320000000000000000e+02
1.860000000000000000e+02
6.100000000000000000e+01
6.340000000000000000e+02
1.010000000000000000e+02
1.090000000000000000e+02
7.600000000000000000e+01
1.030000000000000000e+02
2.790000000000000000e+02
5.810000000000000000e+02
2.740000000000000000e+02
9.200000000000000000e+01
1.970000000000000000e+02
8.600000000000000000e+01
5.910000000000000000e+02
7.000000000000000000e+01
3.600000000000000000e+01
9.700000000000000000e+01
1.060000000000000000e+02
1.059000000000000000e+03
3.800000000000000000e+01
6.900000000000000000e+01
4.700000000000000000e+02
5.380000000000000000e+02
9.870000000000000000e+02
5.480000000000000000e+02
2.520000000000000000e+02
5.900000000000000000e+01
9.400000000000000000e+01
9.900000000000000000e+01
8.800000000000000000e+01
7.340000000000000000e+02
1.030000000000000000e+02
1.030000000000000000e+02
8.300000000000000000e+01
1.010000000000000000e+02
1.310000000000000000e+02
9.100000000000000000e+01
9.700000000000000000e+01
6.900000000000000000e+01
1.070000000000000000e+02
1.020000000000000000e+02
8.800000000000000000e+01
8.800000000000000000e+01
9.900000000000000000e+01
1.370000000000000000e+02
9.900000000000000000e+01
